Property,Date,Time,Temperature
4,17/01/2020,11:00:00 PM,30.16
5,18/01/2020,12:00:00 AM,30.24
6,18/01/2020,1:00:00 AM,30.25
7,18/01/2020,2:00:00 AM,30.25
8,18/01/2020,3:00:00 AM,30.25
9,18/01/2020,4:00:00 AM,30.24
10,18/01/2020,5:00:00 AM,30.24
11,18/01/2020,6:00:00 AM,30.23
12,18/01/2020,7:00:00 AM,30.23
13,18/01/2020,8:00:00 AM,30.22
14,18/01/2020,9:00:00 AM,30.22
15,18/01/2020,10:00:00 AM,30.21
16,18/01/2020,11:00:00 AM,30.20
17,18/01/2020,12:00:00 PM,30.19
18,18/01/2020,1:00:00 PM,30.18
19,18/01/2020,2:00:00 PM,30.17
20,18/01/2020,3:00:00 PM,30.16
21,18/01/2020,4:00:00 PM,30.16
22,18/01/2020,5:00:00 PM,30.14
23,18/01/2020,6:00:00 PM,30.13
24,18/01/2020,7:00:00 PM,30.12
25,18/01/2020,8:00:00 PM,30.12
26,18/01/2020,9:00:00 PM,30.11
27,18/01/2020,10:00:00 PM,30.11
28,18/01/2020,11:00:00 PM,30.11
29,19/01/2020,12:00:00 AM,30.11
30,19/01/2020,1:00:00 AM,30.12
31,19/01/2020,2:00:00 AM,30.13
32,19/01/2020,3:00:00 AM,30.14
33,19/01/2020,4:00:00 AM,30.15
34,19/01/2020,5:00:00 AM,30.17
35,19/01/2020,6:00:00 AM,30.18
36,19/01/2020,7:00:00 AM,30.19
37,19/01/2020,8:00:00 AM,30.20
38,19/01/2020,9:00:00 AM,30.21
39,19/01/2020,10:00:00 AM,30.22
40,19/01/2020,11:00:00 AM,30.23
41,19/01/2020,12:00:00 PM,30.24
42,19/01/2020,1:00:00 PM,30.24
43,19/01/2020,2:00:00 PM,30.24
44,19/01/2020,3:00:00 PM,30.25
45,19/01/2020,4:00:00 PM,30.25
46,19/01/2020,5:00:00 PM,30.25
47,19/01/2020,6:00:00 PM,30.24
48,19/01/2020,7:00:00 PM,30.25
49,19/01/2020,8:00:00 PM,30.25
50,19/01/2020,9:00:00 PM,30.25
51,19/01/2020,10:00:00 PM,30.26
52,19/01/2020,11:00:00 PM,30.28
53,20/01/2020,12:00:00 AM,30.29
54,20/01/2020,1:00:00 AM,30.31
55,20/01/2020,2:00:00 AM,30.33
56,20/01/2020,3:00:00 AM,30.36
57,20/01/2020,4:00:00 AM,30.39
58,20/01/2020,5:00:00 AM,30.42
59,20/01/2020,6:00:00 AM,30.44
60,20/01/2020,7:00:00 AM,30.47
61,20/01/2020,8:00:00 AM,30.49
62,20/01/2020,9:00:00 AM,30.52
63,20/01/2020,10:00:00 AM,30.54
64,20/01/2020,11:00:00 AM,30.56
65,20/01/2020,12:00:00 PM,30.58
66,20/01/2020,1:00:00 PM,30.59
67,20/01/2020,2:00:00 PM,30.60
68,20/01/2020,3:00:00 PM,30.61
69,20/01/2020,4:00:00 PM,30.62
70,20/01/2020,5:00:00 PM,30.62
71,20/01/2020,6:00:00 PM,30.63
72,20/01/2020,7:00:00 PM,30.63
73,20/01/2020,8:00:00 PM,30.64
74,20/01/2020,9:00:00 PM,30.65
75,20/01/2020,10:00:00 PM,30.66
76,20/01/2020,11:00:00 PM,30.67
77,21/01/2020,12:00:00 AM,30.69
78,21/01/2020,1:00:00 AM,30.71
79,21/01/2020,2:00:00 AM,30.74
80,21/01/2020,3:00:00 AM,30.76
81,21/01/2020,4:00:00 AM,30.79
82,21/01/2020,5:00:00 AM,30.81
83,21/01/2020,6:00:00 AM,30.84
84,21/01/2020,7:00:00 AM,30.87
85,21/01/2020,8:00:00 AM,30.89
86,21/01/2020,9:00:00 AM,30.91
87,21/01/2020,10:00:00 AM,30.93
88,21/01/2020,11:00:00 AM,30.95
89,21/01/2020,12:00:00 PM,30.97
90,21/01/2020,1:00:00 PM,30.98
91,21/01/2020,2:00:00 PM,30.99
92,21/01/2020,3:00:00 PM,30.99
93,21/01/2020,4:00:00 PM,31.00
94,21/01/2020,5:00:00 PM,31.00
95,21/01/2020,6:00:00 PM,31.00
96,21/01/2020,7:00:00 PM,31.00
97,21/01/2020,8:00:00 PM,31.01
98,21/01/2020,9:00:00 PM,31.01
99,21/01/2020,10:00:00 PM,31.02
100,21/01/2020,11:00:00 PM,31.03
101,22/01/2020,12:00:00 AM,31.04
102,22/01/2020,1:00:00 AM,31.06
103,22/01/2020,2:00:00 AM,31.08
104,22/01/2020,3:00:00 AM,31.11
105,22/01/2020,4:00:00 AM,31.13
106,22/01/2020,5:00:00 AM,31.15
107,22/01/2020,6:00:00 AM,31.18
108,22/01/2020,7:00:00 AM,31.20
109,22/01/2020,8:00:00 AM,31.22
110,22/01/2020,9:00:00 AM,31.25
111,22/01/2020,10:00:00 AM,31.26
112,22/01/2020,11:00:00 AM,31.28
113,22/01/2020,12:00:00 PM,31.29
114,22/01/2020,1:00:00 PM,31.30
115,22/01/2020,2:00:00 PM,31.31
116,22/01/2020,3:00:00 PM,31.32
117,22/01/2020,4:00:00 PM,31.32
118,22/01/2020,5:00:00 PM,31.32
119,22/01/2020,6:00:00 PM,31.32
120,22/01/2020,7:00:00 PM,31.32
121,22/01/2020,8:00:00 PM,31.33
122,22/01/2020,9:00:00 PM,31.33
123,22/01/2020,10:00:00 PM,31.34
124,22/01/2020,11:00:00 PM,31.35
125,23/01/2020,12:00:00 AM,31.36
126,23/01/2020,1:00:00 AM,31.38
127,23/01/2020,2:00:00 AM,31.40
128,23/01/2020,3:00:00 AM,31.42
129,23/01/2020,4:00:00 AM,31.44
130,23/01/2020,5:00:00 AM,31.47
131,23/01/2020,6:00:00 AM,31.49
132,23/01/2020,7:00:00 AM,31.51
133,23/01/2020,8:00:00 AM,31.53
134,23/01/2020,9:00:00 AM,31.55
135,23/01/2020,10:00:00 AM,31.57
136,23/01/2020,11:00:00 AM,31.58
137,23/01/2020,12:00:00 PM,31.59
138,23/01/2020,1:00:00 PM,31.60
139,23/01/2020,2:00:00 PM,31.61
140,23/01/2020,3:00:00 PM,31.62
141,23/01/2020,4:00:00 PM,31.62
142,23/01/2020,5:00:00 PM,31.62
143,23/01/2020,6:00:00 PM,31.62
144,23/01/2020,7:00:00 PM,31.62
145,23/01/2020,8:00:00 PM,31.62
146,23/01/2020,9:00:00 PM,31.63
147,23/01/2020,10:00:00 PM,31.63
148,23/01/2020,11:00:00 PM,31.64
149,24/01/2020,12:00:00 AM,31.65
150,24/01/2020,1:00:00 AM,31.66
151,24/01/2020,2:00:00 AM,31.67
152,24/01/2020,3:00:00 AM,31.69
153,24/01/2020,4:00:00 AM,31.70
154,24/01/2020,5:00:00 AM,31.72
155,24/01/2020,6:00:00 AM,31.73
156,24/01/2020,7:00:00 AM,31.75
157,24/01/2020,8:00:00 AM,31.76
158,24/01/2020,9:00:00 AM,31.77
159,24/01/2020,10:00:00 AM,31.78
160,24/01/2020,11:00:00 AM,31.79
161,24/01/2020,12:00:00 PM,31.79
162,24/01/2020,1:00:00 PM,31.79
163,24/01/2020,2:00:00 PM,31.79
164,24/01/2020,3:00:00 PM,31.79
165,24/01/2020,4:00:00 PM,31.79
166,24/01/2020,5:00:00 PM,31.78
167,24/01/2020,6:00:00 PM,31.78
168,24/01/2020,7:00:00 PM,31.78
169,24/01/2020,8:00:00 PM,31.77
170,24/01/2020,9:00:00 PM,31.77
171,24/01/2020,10:00:00 PM,31.78
172,24/01/2020,11:00:00 PM,31.78
173,25/01/2020,12:00:00 AM,31.79
174,25/01/2020,1:00:00 AM,31.80
175,25/01/2020,2:00:00 AM,31.81
176,25/01/2020,3:00:00 AM,31.83
177,25/01/2020,4:00:00 AM,31.84
178,25/01/2020,5:00:00 AM,31.86
179,25/01/2020,6:00:00 AM,31.87
180,25/01/2020,7:00:00 AM,31.89
181,25/01/2020,8:00:00 AM,31.90
182,25/01/2020,9:00:00 AM,31.91
183,25/01/2020,10:00:00 AM,31.92
184,25/01/2020,11:00:00 AM,31.93
185,25/01/2020,12:00:00 PM,31.93
186,25/01/2020,1:00:00 PM,31.94
187,25/01/2020,2:00:00 PM,31.94
188,25/01/2020,3:00:00 PM,31.94
189,25/01/2020,4:00:00 PM,31.94
190,25/01/2020,5:00:00 PM,31.93
191,25/01/2020,6:00:00 PM,31.93
192,25/01/2020,7:00:00 PM,31.93
193,25/01/2020,8:00:00 PM,31.92
194,25/01/2020,9:00:00 PM,31.92
195,25/01/2020,10:00:00 PM,31.92
196,25/01/2020,11:00:00 PM,31.93
197,26/01/2020,12:00:00 AM,31.94
198,26/01/2020,1:00:00 AM,31.95
199,26/01/2020,2:00:00 AM,31.96
200,26/01/2020,3:00:00 AM,31.98
201,26/01/2020,4:00:00 AM,31.99
202,26/01/2020,5:00:00 AM,32.01
203,26/01/2020,6:00:00 AM,32.02
204,26/01/2020,7:00:00 AM,32.03
205,26/01/2020,8:00:00 AM,32.05
206,26/01/2020,9:00:00 AM,32.06
207,26/01/2020,10:00:00 AM,32.07
208,26/01/2020,11:00:00 AM,32.08
209,26/01/2020,12:00:00 PM,32.08
210,26/01/2020,1:00:00 PM,32.08
211,26/01/2020,2:00:00 PM,32.08
212,26/01/2020,3:00:00 PM,32.08
213,26/01/2020,4:00:00 PM,32.08
214,26/01/2020,5:00:00 PM,32.07
215,26/01/2020,6:00:00 PM,32.06
216,26/01/2020,7:00:00 PM,32.06
217,26/01/2020,8:00:00 PM,32.05
218,26/01/2020,9:00:00 PM,32.04
219,26/01/2020,10:00:00 PM,32.04
220,26/01/2020,11:00:00 PM,32.04
221,27/01/2020,12:00:00 AM,32.05
222,27/01/2020,1:00:00 AM,32.05
223,27/01/2020,2:00:00 AM,32.06
224,27/01/2020,3:00:00 AM,32.07
225,27/01/2020,4:00:00 AM,32.08
226,27/01/2020,5:00:00 AM,32.10
227,27/01/2020,6:00:00 AM,32.11
228,27/01/2020,7:00:00 AM,32.12
229,27/01/2020,8:00:00 AM,32.13
230,27/01/2020,9:00:00 AM,32.14
231,27/01/2020,10:00:00 AM,32.15
232,27/01/2020,11:00:00 AM,32.15
233,27/01/2020,12:00:00 PM,32.15
234,27/01/2020,1:00:00 PM,32.15
235,27/01/2020,2:00:00 PM,32.15
236,27/01/2020,3:00:00 PM,32.15
237,27/01/2020,4:00:00 PM,32.14
238,27/01/2020,5:00:00 PM,32.13
239,27/01/2020,6:00:00 PM,32.12
240,27/01/2020,7:00:00 PM,32.12
241,27/01/2020,8:00:00 PM,32.11
242,27/01/2020,9:00:00 PM,32.11
243,27/01/2020,10:00:00 PM,32.10
244,27/01/2020,11:00:00 PM,32.11
245,28/01/2020,12:00:00 AM,32.11
246,28/01/2020,1:00:00 AM,32.12
247,28/01/2020,2:00:00 AM,32.13
248,28/01/2020,3:00:00 AM,32.13
249,28/01/2020,4:00:00 AM,32.15
250,28/01/2020,5:00:00 AM,32.16
251,28/01/2020,6:00:00 AM,32.17
252,28/01/2020,7:00:00 AM,32.18
253,28/01/2020,8:00:00 AM,32.19
254,28/01/2020,9:00:00 AM,32.20
255,28/01/2020,10:00:00 AM,32.20
256,28/01/2020,11:00:00 AM,32.20
257,28/01/2020,12:00:00 PM,32.20
258,28/01/2020,1:00:00 PM,32.20
259,28/01/2020,2:00:00 PM,32.19
260,28/01/2020,3:00:00 PM,32.18
261,28/01/2020,4:00:00 PM,32.16
262,28/01/2020,5:00:00 PM,32.15
263,28/01/2020,6:00:00 PM,32.13
264,28/01/2020,7:00:00 PM,32.12
265,28/01/2020,8:00:00 PM,32.11
266,28/01/2020,9:00:00 PM,32.10
267,28/01/2020,10:00:00 PM,32.09
268,28/01/2020,11:00:00 PM,32.09
269,29/01/2020,12:00:00 AM,32.10
270,29/01/2020,1:00:00 AM,32.10
271,29/01/2020,2:00:00 AM,32.11
272,29/01/2020,3:00:00 AM,32.13
273,29/01/2020,4:00:00 AM,32.14
274,29/01/2020,5:00:00 AM,32.16
275,29/01/2020,6:00:00 AM,32.18
276,29/01/2020,7:00:00 AM,32.19
277,29/01/2020,8:00:00 AM,32.21
278,29/01/2020,9:00:00 AM,32.22
279,29/01/2020,10:00:00 AM,32.23
280,29/01/2020,11:00:00 AM,32.24
281,29/01/2020,12:00:00 PM,32.24
282,29/01/2020,1:00:00 PM,32.24
283,29/01/2020,2:00:00 PM,32.24
284,29/01/2020,3:00:00 PM,32.24
285,29/01/2020,4:00:00 PM,32.24
286,29/01/2020,5:00:00 PM,32.23
287,29/01/2020,6:00:00 PM,32.23
288,29/01/2020,7:00:00 PM,32.22
289,29/01/2020,8:00:00 PM,32.22
290,29/01/2020,9:00:00 PM,32.22
291,29/01/2020,10:00:00 PM,32.22
292,29/01/2020,11:00:00 PM,32.23
293,30/01/2020,12:00:00 AM,32.24
294,30/01/2020,1:00:00 AM,32.25
295,30/01/2020,2:00:00 AM,32.27
296,30/01/2020,3:00:00 AM,32.29
297,30/01/2020,4:00:00 AM,32.30
298,30/01/2020,5:00:00 AM,32.33
299,30/01/2020,6:00:00 AM,32.35
300,30/01/2020,7:00:00 AM,32.36
301,30/01/2020,8:00:00 AM,32.38
302,30/01/2020,9:00:00 AM,32.40
303,30/01/2020,10:00:00 AM,32.41
304,30/01/2020,11:00:00 AM,32.42
305,30/01/2020,12:00:00 PM,32.43
306,30/01/2020,1:00:00 PM,32.43
307,30/01/2020,2:00:00 PM,32.44
308,30/01/2020,3:00:00 PM,32.44
309,30/01/2020,4:00:00 PM,32.44
310,30/01/2020,5:00:00 PM,32.43
311,30/01/2020,6:00:00 PM,32.43
312,30/01/2020,7:00:00 PM,32.43
313,30/01/2020,8:00:00 PM,32.43
314,30/01/2020,9:00:00 PM,32.43
315,30/01/2020,10:00:00 PM,32.44
316,30/01/2020,11:00:00 PM,32.45
317,31/01/2020,12:00:00 AM,32.46
318,31/01/2020,1:00:00 AM,32.47
319,31/01/2020,2:00:00 AM,32.49
320,31/01/2020,3:00:00 AM,32.51
321,31/01/2020,4:00:00 AM,32.52
322,31/01/2020,5:00:00 AM,32.54
323,31/01/2020,6:00:00 AM,32.56
324,31/01/2020,7:00:00 AM,32.58
325,31/01/2020,8:00:00 AM,32.60
326,31/01/2020,9:00:00 AM,32.61
327,31/01/2020,10:00:00 AM,32.62
328,31/01/2020,11:00:00 AM,32.63
329,31/01/2020,12:00:00 PM,32.64
330,31/01/2020,1:00:00 PM,32.64
331,31/01/2020,2:00:00 PM,32.64
332,31/01/2020,3:00:00 PM,32.64
333,31/01/2020,4:00:00 PM,32.63
334,31/01/2020,5:00:00 PM,32.62
335,31/01/2020,6:00:00 PM,32.60
336,31/01/2020,7:00:00 PM,32.59
337,31/01/2020,8:00:00 PM,32.58
338,31/01/2020,9:00:00 PM,32.56
339,31/01/2020,10:00:00 PM,32.55
340,31/01/2020,11:00:00 PM,32.54
341,01/02/2020,12:00:00 AM,32.54
342,01/02/2020,1:00:00 AM,32.53
343,01/02/2020,2:00:00 AM,32.53
344,01/02/2020,3:00:00 AM,32.53
345,01/02/2020,4:00:00 AM,32.53
346,01/02/2020,5:00:00 AM,32.54
347,01/02/2020,6:00:00 AM,32.54
348,01/02/2020,7:00:00 AM,32.54
349,01/02/2020,8:00:00 AM,32.54
350,01/02/2020,9:00:00 AM,32.54
351,01/02/2020,10:00:00 AM,32.54
352,01/02/2020,11:00:00 AM,32.54
353,01/02/2020,12:00:00 PM,32.53
354,01/02/2020,1:00:00 PM,32.52
355,01/02/2020,2:00:00 PM,32.51
356,01/02/2020,3:00:00 PM,32.50
357,01/02/2020,4:00:00 PM,32.49
358,01/02/2020,5:00:00 PM,32.47
359,01/02/2020,6:00:00 PM,32.46
360,01/02/2020,7:00:00 PM,32.45
361,01/02/2020,8:00:00 PM,32.44
362,01/02/2020,9:00:00 PM,32.43
363,01/02/2020,10:00:00 PM,32.42
364,01/02/2020,11:00:00 PM,32.42
365,02/02/2020,12:00:00 AM,32.42
366,02/02/2020,1:00:00 AM,32.43
367,02/02/2020,2:00:00 AM,32.43
368,02/02/2020,3:00:00 AM,32.44
369,02/02/2020,4:00:00 AM,32.45
370,02/02/2020,5:00:00 AM,32.46
371,02/02/2020,6:00:00 AM,32.47
372,02/02/2020,7:00:00 AM,32.48
373,02/02/2020,8:00:00 AM,32.48
374,02/02/2020,9:00:00 AM,32.48
375,02/02/2020,10:00:00 AM,32.49
376,02/02/2020,11:00:00 AM,32.49
377,02/02/2020,12:00:00 PM,32.48
378,02/02/2020,1:00:00 PM,32.48
379,02/02/2020,2:00:00 PM,32.47
380,02/02/2020,3:00:00 PM,32.46
381,02/02/2020,4:00:00 PM,32.45
382,02/02/2020,5:00:00 PM,32.44
383,02/02/2020,6:00:00 PM,32.43
384,02/02/2020,7:00:00 PM,32.41
385,02/02/2020,8:00:00 PM,32.40
386,02/02/2020,9:00:00 PM,32.40
387,02/02/2020,10:00:00 PM,32.40
388,02/02/2020,11:00:00 PM,32.40
389,03/02/2020,12:00:00 AM,32.40
390,03/02/2020,1:00:00 AM,32.41
391,03/02/2020,2:00:00 AM,32.43
392,03/02/2020,3:00:00 AM,32.44
393,03/02/2020,4:00:00 AM,32.46
394,03/02/2020,5:00:00 AM,32.47
395,03/02/2020,6:00:00 AM,32.49
396,03/02/2020,7:00:00 AM,32.50
397,03/02/2020,8:00:00 AM,32.52
398,03/02/2020,9:00:00 AM,32.53
399,03/02/2020,10:00:00 AM,32.54
400,03/02/2020,11:00:00 AM,32.54
401,03/02/2020,12:00:00 PM,32.54
402,03/02/2020,1:00:00 PM,32.54
403,03/02/2020,2:00:00 PM,32.54
404,03/02/2020,3:00:00 PM,32.53
405,03/02/2020,4:00:00 PM,32.52
406,03/02/2020,5:00:00 PM,32.51
407,03/02/2020,6:00:00 PM,32.50
408,03/02/2020,7:00:00 PM,32.49
409,03/02/2020,8:00:00 PM,32.48
410,03/02/2020,9:00:00 PM,32.48
411,03/02/2020,10:00:00 PM,32.48
412,03/02/2020,11:00:00 PM,32.48
413,04/02/2020,12:00:00 AM,32.48
414,04/02/2020,1:00:00 AM,32.49
415,04/02/2020,2:00:00 AM,32.50
416,04/02/2020,3:00:00 AM,32.52
417,04/02/2020,4:00:00 AM,32.53
418,04/02/2020,5:00:00 AM,32.55
419,04/02/2020,6:00:00 AM,32.56
420,04/02/2020,7:00:00 AM,32.57
421,04/02/2020,8:00:00 AM,32.58
422,04/02/2020,9:00:00 AM,32.59
423,04/02/2020,10:00:00 AM,32.60
424,04/02/2020,11:00:00 AM,32.60
425,04/02/2020,12:00:00 PM,32.61
426,04/02/2020,1:00:00 PM,32.61
427,04/02/2020,2:00:00 PM,32.60
428,04/02/2020,3:00:00 PM,32.60
429,04/02/2020,4:00:00 PM,32.59
430,04/02/2020,5:00:00 PM,32.58
431,04/02/2020,6:00:00 PM,32.57
432,04/02/2020,7:00:00 PM,32.56
433,04/02/2020,8:00:00 PM,32.55
434,04/02/2020,9:00:00 PM,32.55
435,04/02/2020,10:00:00 PM,32.54
436,04/02/2020,11:00:00 PM,32.54
437,05/02/2020,12:00:00 AM,32.54
438,05/02/2020,1:00:00 AM,32.55
439,05/02/2020,2:00:00 AM,32.55
440,05/02/2020,3:00:00 AM,32.56
441,05/02/2020,4:00:00 AM,32.57
442,05/02/2020,5:00:00 AM,32.58
443,05/02/2020,6:00:00 AM,32.59
444,05/02/2020,7:00:00 AM,32.60
445,05/02/2020,8:00:00 AM,32.60
446,05/02/2020,9:00:00 AM,32.61
447,05/02/2020,10:00:00 AM,32.61
448,05/02/2020,11:00:00 AM,32.61
449,05/02/2020,12:00:00 PM,32.61
450,05/02/2020,1:00:00 PM,32.61
451,05/02/2020,2:00:00 PM,32.61
452,05/02/2020,3:00:00 PM,32.60
453,05/02/2020,4:00:00 PM,32.59
454,05/02/2020,5:00:00 PM,32.58
455,05/02/2020,6:00:00 PM,32.57
456,05/02/2020,7:00:00 PM,32.56
457,05/02/2020,8:00:00 PM,32.55
458,05/02/2020,9:00:00 PM,32.54
459,05/02/2020,10:00:00 PM,32.53
460,05/02/2020,11:00:00 PM,32.53
461,06/02/2020,12:00:00 AM,32.53
462,06/02/2020,1:00:00 AM,32.53
463,06/02/2020,2:00:00 AM,32.53
464,06/02/2020,3:00:00 AM,32.53
465,06/02/2020,4:00:00 AM,32.54
466,06/02/2020,5:00:00 AM,32.54
467,06/02/2020,6:00:00 AM,32.55
468,06/02/2020,7:00:00 AM,32.55
469,06/02/2020,8:00:00 AM,32.56
470,06/02/2020,9:00:00 AM,32.56
471,06/02/2020,10:00:00 AM,32.56
472,06/02/2020,11:00:00 AM,32.56
473,06/02/2020,12:00:00 PM,32.55
474,06/02/2020,1:00:00 PM,32.55
475,06/02/2020,2:00:00 PM,32.54
476,06/02/2020,3:00:00 PM,32.53
477,06/02/2020,4:00:00 PM,32.52
478,06/02/2020,5:00:00 PM,32.51
479,06/02/2020,6:00:00 PM,32.50
480,06/02/2020,7:00:00 PM,32.49
481,06/02/2020,8:00:00 PM,32.48
482,06/02/2020,9:00:00 PM,32.48
483,06/02/2020,10:00:00 PM,32.48
484,06/02/2020,11:00:00 PM,32.48
485,07/02/2020,12:00:00 AM,32.49
486,07/02/2020,1:00:00 AM,32.51
487,07/02/2020,2:00:00 AM,32.52
488,07/02/2020,3:00:00 AM,32.54
489,07/02/2020,4:00:00 AM,32.56
490,07/02/2020,5:00:00 AM,32.59
491,07/02/2020,6:00:00 AM,32.61
492,07/02/2020,7:00:00 AM,32.63
493,07/02/2020,8:00:00 AM,32.65
494,07/02/2020,9:00:00 AM,32.66
495,07/02/2020,10:00:00 AM,32.68
496,07/02/2020,11:00:00 AM,32.69
497,07/02/2020,12:00:00 PM,32.70
498,07/02/2020,1:00:00 PM,32.71
499,07/02/2020,2:00:00 PM,32.71
500,07/02/2020,3:00:00 PM,32.72
501,07/02/2020,4:00:00 PM,32.72
502,07/02/2020,5:00:00 PM,32.72
503,07/02/2020,6:00:00 PM,32.71
504,07/02/2020,7:00:00 PM,32.71
505,07/02/2020,8:00:00 PM,32.71
506,07/02/2020,9:00:00 PM,32.72
507,07/02/2020,10:00:00 PM,32.72
508,07/02/2020,11:00:00 PM,32.73
509,08/02/2020,12:00:00 AM,32.75
510,08/02/2020,1:00:00 AM,32.77
511,08/02/2020,2:00:00 AM,32.79
512,08/02/2020,3:00:00 AM,32.81
513,08/02/2020,4:00:00 AM,32.83
514,08/02/2020,5:00:00 AM,32.86
515,08/02/2020,6:00:00 AM,32.88
516,08/02/2020,7:00:00 AM,32.91
517,08/02/2020,8:00:00 AM,32.93
518,08/02/2020,9:00:00 AM,32.95
519,08/02/2020,10:00:00 AM,32.96
520,08/02/2020,11:00:00 AM,32.98
521,08/02/2020,12:00:00 PM,32.99
522,08/02/2020,1:00:00 PM,33.00
523,08/02/2020,2:00:00 PM,33.00
524,08/02/2020,3:00:00 PM,33.00
525,08/02/2020,4:00:00 PM,33.01
526,08/02/2020,5:00:00 PM,33.00
527,08/02/2020,6:00:00 PM,33.00
528,08/02/2020,7:00:00 PM,33.00
529,08/02/2020,8:00:00 PM,33.00
530,08/02/2020,9:00:00 PM,33.01
531,08/02/2020,10:00:00 PM,33.01
532,08/02/2020,11:00:00 PM,33.02
533,09/02/2020,12:00:00 AM,33.03
534,09/02/2020,1:00:00 AM,33.05
535,09/02/2020,2:00:00 AM,33.07
536,09/02/2020,3:00:00 AM,33.09
537,09/02/2020,4:00:00 AM,33.11
538,09/02/2020,5:00:00 AM,33.14
539,09/02/2020,6:00:00 AM,33.16
540,09/02/2020,7:00:00 AM,33.18
541,09/02/2020,8:00:00 AM,33.20
542,09/02/2020,9:00:00 AM,33.22
543,09/02/2020,10:00:00 AM,33.24
544,09/02/2020,11:00:00 AM,33.25
545,09/02/2020,12:00:00 PM,33.26
546,09/02/2020,1:00:00 PM,33.27
547,09/02/2020,2:00:00 PM,33.28
548,09/02/2020,3:00:00 PM,33.28
549,09/02/2020,4:00:00 PM,33.29
550,09/02/2020,5:00:00 PM,33.29
551,09/02/2020,6:00:00 PM,33.29
552,09/02/2020,7:00:00 PM,33.29
553,09/02/2020,8:00:00 PM,33.29
554,09/02/2020,9:00:00 PM,33.29
555,09/02/2020,10:00:00 PM,33.29
556,09/02/2020,11:00:00 PM,33.29
557,10/02/2020,12:00:00 AM,33.29
558,10/02/2020,1:00:00 AM,33.28
559,10/02/2020,2:00:00 AM,33.28
560,10/02/2020,3:00:00 AM,33.28
561,10/02/2020,4:00:00 AM,33.27
562,10/02/2020,5:00:00 AM,33.27
563,10/02/2020,6:00:00 AM,33.26
564,10/02/2020,7:00:00 AM,33.25
565,10/02/2020,8:00:00 AM,33.24
566,10/02/2020,9:00:00 AM,33.23
567,10/02/2020,10:00:00 AM,33.21
568,10/02/2020,11:00:00 AM,33.20
569,10/02/2020,12:00:00 PM,33.18
570,10/02/2020,1:00:00 PM,33.16
571,10/02/2020,2:00:00 PM,33.14
572,10/02/2020,3:00:00 PM,33.12
573,10/02/2020,4:00:00 PM,33.09
574,10/02/2020,5:00:00 PM,33.07
575,10/02/2020,6:00:00 PM,33.04
576,10/02/2020,7:00:00 PM,33.02
577,10/02/2020,8:00:00 PM,32.99
578,10/02/2020,9:00:00 PM,32.97
579,10/02/2020,10:00:00 PM,32.94
580,10/02/2020,11:00:00 PM,32.92
581,11/02/2020,12:00:00 AM,32.90
582,11/02/2020,1:00:00 AM,32.88
583,11/02/2020,2:00:00 AM,32.86
584,11/02/2020,3:00:00 AM,32.84
585,11/02/2020,4:00:00 AM,32.81
586,11/02/2020,5:00:00 AM,32.79
587,11/02/2020,6:00:00 AM,32.76
588,11/02/2020,7:00:00 AM,32.74
589,11/02/2020,8:00:00 AM,32.71
590,11/02/2020,9:00:00 AM,32.68
591,11/02/2020,10:00:00 AM,32.66
592,11/02/2020,11:00:00 AM,32.63
593,11/02/2020,12:00:00 PM,32.59
594,11/02/2020,1:00:00 PM,32.56
595,11/02/2020,2:00:00 PM,32.53
596,11/02/2020,3:00:00 PM,32.49
597,11/02/2020,4:00:00 PM,32.46
598,11/02/2020,5:00:00 PM,32.43
599,11/02/2020,6:00:00 PM,32.40
600,11/02/2020,7:00:00 PM,32.37
601,11/02/2020,8:00:00 PM,32.34
602,11/02/2020,9:00:00 PM,32.32
603,11/02/2020,10:00:00 PM,32.30
604,11/02/2020,11:00:00 PM,32.29
605,12/02/2020,12:00:00 AM,32.28
606,12/02/2020,1:00:00 AM,32.27
607,12/02/2020,2:00:00 AM,32.27
608,12/02/2020,3:00:00 AM,32.27
609,12/02/2020,4:00:00 AM,32.27
610,12/02/2020,5:00:00 AM,32.28
611,12/02/2020,6:00:00 AM,32.28
612,12/02/2020,7:00:00 AM,32.28
613,12/02/2020,8:00:00 AM,32.29
614,12/02/2020,9:00:00 AM,32.29
615,12/02/2020,10:00:00 AM,32.29
616,12/02/2020,11:00:00 AM,32.29
617,12/02/2020,12:00:00 PM,32.28
618,12/02/2020,1:00:00 PM,32.28
619,12/02/2020,2:00:00 PM,32.27
620,12/02/2020,3:00:00 PM,32.27
621,12/02/2020,4:00:00 PM,32.26
622,12/02/2020,5:00:00 PM,32.25
623,12/02/2020,6:00:00 PM,32.24
624,12/02/2020,7:00:00 PM,32.23
625,12/02/2020,8:00:00 PM,32.22
626,12/02/2020,9:00:00 PM,32.23
627,12/02/2020,10:00:00 PM,32.23
628,12/02/2020,11:00:00 PM,32.24
629,13/02/2020,12:00:00 AM,32.25
630,13/02/2020,1:00:00 AM,32.26
631,13/02/2020,2:00:00 AM,32.28
632,13/02/2020,3:00:00 AM,32.30
633,13/02/2020,4:00:00 AM,32.31
634,13/02/2020,5:00:00 AM,32.33
635,13/02/2020,6:00:00 AM,32.35
636,13/02/2020,7:00:00 AM,32.36
637,13/02/2020,8:00:00 AM,32.38
638,13/02/2020,9:00:00 AM,32.40
639,13/02/2020,10:00:00 AM,32.41
640,13/02/2020,11:00:00 AM,32.41
641,13/02/2020,12:00:00 PM,32.42
642,13/02/2020,1:00:00 PM,32.42
643,13/02/2020,2:00:00 PM,32.42
644,13/02/2020,3:00:00 PM,32.42
645,13/02/2020,4:00:00 PM,32.42
646,13/02/2020,5:00:00 PM,32.41
647,13/02/2020,6:00:00 PM,32.40
648,13/02/2020,7:00:00 PM,32.39
649,13/02/2020,8:00:00 PM,32.38
650,13/02/2020,9:00:00 PM,32.38
651,13/02/2020,10:00:00 PM,32.37
652,13/02/2020,11:00:00 PM,32.35
653,14/02/2020,12:00:00 AM,32.34
654,14/02/2020,1:00:00 AM,32.33
655,14/02/2020,2:00:00 AM,32.32
656,14/02/2020,3:00:00 AM,32.31
657,14/02/2020,4:00:00 AM,32.30
658,14/02/2020,5:00:00 AM,32.29
659,14/02/2020,6:00:00 AM,32.27
660,14/02/2020,7:00:00 AM,32.26
661,14/02/2020,8:00:00 AM,32.24
662,14/02/2020,9:00:00 AM,32.23
663,14/02/2020,10:00:00 AM,32.21
664,14/02/2020,11:00:00 AM,32.20
665,14/02/2020,12:00:00 PM,32.18
666,14/02/2020,1:00:00 PM,32.16
667,14/02/2020,2:00:00 PM,32.14
668,14/02/2020,3:00:00 PM,32.12
669,14/02/2020,4:00:00 PM,32.11
670,14/02/2020,5:00:00 PM,32.09
671,14/02/2020,6:00:00 PM,32.07
672,14/02/2020,7:00:00 PM,32.06
673,14/02/2020,8:00:00 PM,32.06
674,14/02/2020,9:00:00 PM,32.05
675,14/02/2020,10:00:00 PM,32.05
676,14/02/2020,11:00:00 PM,32.07
677,15/02/2020,12:00:00 AM,32.08
678,15/02/2020,1:00:00 AM,32.09
679,15/02/2020,2:00:00 AM,32.11
680,15/02/2020,3:00:00 AM,32.14
681,15/02/2020,4:00:00 AM,32.17
682,15/02/2020,5:00:00 AM,32.19
683,15/02/2020,6:00:00 AM,32.22
684,15/02/2020,7:00:00 AM,32.24
685,15/02/2020,8:00:00 AM,32.27
686,15/02/2020,9:00:00 AM,32.29
687,15/02/2020,10:00:00 AM,32.30
688,15/02/2020,11:00:00 AM,32.32
689,15/02/2020,12:00:00 PM,32.34
690,15/02/2020,1:00:00 PM,32.35
691,15/02/2020,2:00:00 PM,32.36
692,15/02/2020,3:00:00 PM,32.37
693,15/02/2020,4:00:00 PM,32.37
694,15/02/2020,5:00:00 PM,32.38
695,15/02/2020,6:00:00 PM,32.38
696,15/02/2020,7:00:00 PM,32.40
697,15/02/2020,8:00:00 PM,32.41
698,15/02/2020,9:00:00 PM,32.43
699,15/02/2020,10:00:00 PM,32.45
700,15/02/2020,11:00:00 PM,32.48
701,16/02/2020,12:00:00 AM,32.51
702,16/02/2020,1:00:00 AM,32.54
703,16/02/2020,2:00:00 AM,32.58
704,16/02/2020,3:00:00 AM,32.62
705,16/02/2020,4:00:00 AM,32.66
706,16/02/2020,5:00:00 AM,32.70
707,16/02/2020,6:00:00 AM,32.74
708,16/02/2020,7:00:00 AM,32.78
709,16/02/2020,8:00:00 AM,32.81
710,16/02/2020,9:00:00 AM,32.83
711,16/02/2020,10:00:00 AM,32.83
712,16/02/2020,11:00:00 AM,32.84
713,16/02/2020,12:00:00 PM,32.85
714,16/02/2020,1:00:00 PM,32.85
715,16/02/2020,2:00:00 PM,32.84
716,16/02/2020,3:00:00 PM,32.83
717,16/02/2020,4:00:00 PM,32.82
718,16/02/2020,5:00:00 PM,32.81
719,16/02/2020,6:00:00 PM,32.80
720,16/02/2020,7:00:00 PM,32.79
721,16/02/2020,8:00:00 PM,32.78
722,16/02/2020,9:00:00 PM,32.78
723,16/02/2020,10:00:00 PM,32.79
724,16/02/2020,11:00:00 PM,32.79
725,17/02/2020,12:00:00 AM,32.80
726,17/02/2020,1:00:00 AM,32.82
727,17/02/2020,2:00:00 AM,32.84
728,17/02/2020,3:00:00 AM,32.86
729,17/02/2020,4:00:00 AM,32.88
730,17/02/2020,5:00:00 AM,32.90
731,17/02/2020,6:00:00 AM,32.91
732,17/02/2020,7:00:00 AM,32.92
733,17/02/2020,8:00:00 AM,32.94
734,17/02/2020,9:00:00 AM,32.94
735,17/02/2020,10:00:00 AM,32.95
736,17/02/2020,11:00:00 AM,32.95
737,17/02/2020,12:00:00 PM,32.95
738,17/02/2020,1:00:00 PM,32.95
739,17/02/2020,2:00:00 PM,32.94
740,17/02/2020,3:00:00 PM,32.94
741,17/02/2020,4:00:00 PM,32.93
742,17/02/2020,5:00:00 PM,32.92
743,17/02/2020,6:00:00 PM,32.91
744,17/02/2020,7:00:00 PM,32.90
745,17/02/2020,8:00:00 PM,32.89
746,17/02/2020,9:00:00 PM,32.90
747,17/02/2020,10:00:00 PM,32.91
748,17/02/2020,11:00:00 PM,32.92
749,18/02/2020,12:00:00 AM,32.94
750,18/02/2020,1:00:00 AM,32.96
751,18/02/2020,2:00:00 AM,32.99
752,18/02/2020,3:00:00 AM,33.02
753,18/02/2020,4:00:00 AM,33.06
754,18/02/2020,5:00:00 AM,33.08
755,18/02/2020,6:00:00 AM,33.11
756,18/02/2020,7:00:00 AM,33.14
757,18/02/2020,8:00:00 AM,33.17
758,18/02/2020,9:00:00 AM,33.19
759,18/02/2020,10:00:00 AM,33.21
760,18/02/2020,11:00:00 AM,33.23
761,18/02/2020,12:00:00 PM,33.25
762,18/02/2020,1:00:00 PM,33.26
763,18/02/2020,2:00:00 PM,33.27
764,18/02/2020,3:00:00 PM,33.28
765,18/02/2020,4:00:00 PM,33.28
766,18/02/2020,5:00:00 PM,33.29
767,18/02/2020,6:00:00 PM,33.30
768,18/02/2020,7:00:00 PM,33.31
769,18/02/2020,8:00:00 PM,33.32
770,18/02/2020,9:00:00 PM,33.34
771,18/02/2020,10:00:00 PM,33.36
772,18/02/2020,11:00:00 PM,33.39
773,19/02/2020,12:00:00 AM,33.42
774,19/02/2020,1:00:00 AM,33.46
775,19/02/2020,2:00:00 AM,33.50
776,19/02/2020,3:00:00 AM,33.54
777,19/02/2020,4:00:00 AM,33.58
778,19/02/2020,5:00:00 AM,33.62
779,19/02/2020,6:00:00 AM,33.66
780,19/02/2020,7:00:00 AM,33.69
781,19/02/2020,8:00:00 AM,33.72
782,19/02/2020,9:00:00 AM,33.75
783,19/02/2020,10:00:00 AM,33.78
784,19/02/2020,11:00:00 AM,33.80
785,19/02/2020,12:00:00 PM,33.81
786,19/02/2020,1:00:00 PM,33.83
787,19/02/2020,2:00:00 PM,33.83
788,19/02/2020,3:00:00 PM,33.83
789,19/02/2020,4:00:00 PM,33.83
790,19/02/2020,5:00:00 PM,33.83
791,19/02/2020,6:00:00 PM,33.82
792,19/02/2020,7:00:00 PM,33.81
793,19/02/2020,8:00:00 PM,33.80
794,19/02/2020,9:00:00 PM,33.78
795,19/02/2020,10:00:00 PM,33.77
796,19/02/2020,11:00:00 PM,33.76
797,20/02/2020,12:00:00 AM,33.75
798,20/02/2020,1:00:00 AM,33.74
799,20/02/2020,2:00:00 AM,33.72
800,20/02/2020,3:00:00 AM,33.70
801,20/02/2020,4:00:00 AM,33.68
802,20/02/2020,5:00:00 AM,33.66
803,20/02/2020,6:00:00 AM,33.64
804,20/02/2020,7:00:00 AM,33.62
805,20/02/2020,8:00:00 AM,33.59
806,20/02/2020,9:00:00 AM,33.57
807,20/02/2020,10:00:00 AM,33.54
808,20/02/2020,11:00:00 AM,33.51
809,20/02/2020,12:00:00 PM,33.48
810,20/02/2020,1:00:00 PM,33.45
811,20/02/2020,2:00:00 PM,33.42
812,20/02/2020,3:00:00 PM,33.38
813,20/02/2020,4:00:00 PM,33.35
814,20/02/2020,5:00:00 PM,33.32
815,20/02/2020,6:00:00 PM,33.29
816,20/02/2020,7:00:00 PM,33.27
817,20/02/2020,8:00:00 PM,33.25
818,20/02/2020,9:00:00 PM,33.23
819,20/02/2020,10:00:00 PM,33.22
820,20/02/2020,11:00:00 PM,33.21
821,21/02/2020,12:00:00 AM,33.21
822,21/02/2020,1:00:00 AM,33.21
823,21/02/2020,2:00:00 AM,33.21
824,21/02/2020,3:00:00 AM,33.21
825,21/02/2020,4:00:00 AM,33.21
826,21/02/2020,5:00:00 AM,33.21
827,21/02/2020,6:00:00 AM,33.22
828,21/02/2020,7:00:00 AM,33.22
829,21/02/2020,8:00:00 AM,33.22
830,21/02/2020,9:00:00 AM,33.22
831,21/02/2020,10:00:00 AM,33.21
832,21/02/2020,11:00:00 AM,33.21
833,21/02/2020,12:00:00 PM,33.21
834,21/02/2020,1:00:00 PM,33.20
835,21/02/2020,2:00:00 PM,33.18
836,21/02/2020,3:00:00 PM,33.17
837,21/02/2020,4:00:00 PM,33.16
838,21/02/2020,5:00:00 PM,33.15
839,21/02/2020,6:00:00 PM,33.13
840,21/02/2020,7:00:00 PM,33.13
841,21/02/2020,8:00:00 PM,33.13
842,21/02/2020,9:00:00 PM,33.12
843,21/02/2020,10:00:00 PM,33.12
844,21/02/2020,11:00:00 PM,33.13
845,22/02/2020,12:00:00 AM,33.14
846,22/02/2020,1:00:00 AM,33.16
847,22/02/2020,2:00:00 AM,33.18
848,22/02/2020,3:00:00 AM,33.20
849,22/02/2020,4:00:00 AM,33.22
850,22/02/2020,5:00:00 AM,33.24
851,22/02/2020,6:00:00 AM,33.26
852,22/02/2020,7:00:00 AM,33.28
853,22/02/2020,8:00:00 AM,33.30
854,22/02/2020,9:00:00 AM,33.32
855,22/02/2020,10:00:00 AM,33.32
856,22/02/2020,11:00:00 AM,33.34
857,22/02/2020,12:00:00 PM,33.35
858,22/02/2020,1:00:00 PM,33.35
859,22/02/2020,2:00:00 PM,33.35
860,22/02/2020,3:00:00 PM,33.36
861,22/02/2020,4:00:00 PM,33.36
862,22/02/2020,5:00:00 PM,33.36
863,22/02/2020,6:00:00 PM,33.36
864,22/02/2020,7:00:00 PM,33.37
865,22/02/2020,8:00:00 PM,33.37
866,22/02/2020,9:00:00 PM,33.39
867,22/02/2020,10:00:00 PM,33.40
868,22/02/2020,11:00:00 PM,33.41
869,23/02/2020,12:00:00 AM,33.43
870,23/02/2020,1:00:00 AM,33.45
871,23/02/2020,2:00:00 AM,33.47
872,23/02/2020,3:00:00 AM,33.50
873,23/02/2020,4:00:00 AM,33.52
874,23/02/2020,5:00:00 AM,33.55
875,23/02/2020,6:00:00 AM,33.57
876,23/02/2020,7:00:00 AM,33.59
877,23/02/2020,8:00:00 AM,33.61
878,23/02/2020,9:00:00 AM,33.63
879,23/02/2020,10:00:00 AM,33.65
880,23/02/2020,11:00:00 AM,33.66
881,23/02/2020,12:00:00 PM,33.66
882,23/02/2020,1:00:00 PM,33.66
883,23/02/2020,2:00:00 PM,33.67
884,23/02/2020,3:00:00 PM,33.68
885,23/02/2020,4:00:00 PM,33.67
886,23/02/2020,5:00:00 PM,33.66
887,23/02/2020,6:00:00 PM,33.66
888,23/02/2020,7:00:00 PM,33.66
889,23/02/2020,8:00:00 PM,33.67
890,23/02/2020,9:00:00 PM,33.67
891,23/02/2020,10:00:00 PM,33.69
892,23/02/2020,11:00:00 PM,33.70
893,24/02/2020,12:00:00 AM,33.72
894,24/02/2020,1:00:00 AM,33.75
895,24/02/2020,2:00:00 AM,33.77
896,24/02/2020,3:00:00 AM,33.80
897,24/02/2020,4:00:00 AM,33.83
898,24/02/2020,5:00:00 AM,33.86
899,24/02/2020,6:00:00 AM,33.89
900,24/02/2020,7:00:00 AM,33.92
901,24/02/2020,8:00:00 AM,33.93
902,24/02/2020,9:00:00 AM,33.95
903,24/02/2020,10:00:00 AM,33.96
904,24/02/2020,11:00:00 AM,33.97
905,24/02/2020,12:00:00 PM,33.99
906,24/02/2020,1:00:00 PM,33.99
907,24/02/2020,2:00:00 PM,33.99
908,24/02/2020,3:00:00 PM,33.98
909,24/02/2020,4:00:00 PM,33.96
910,24/02/2020,5:00:00 PM,33.96
911,24/02/2020,6:00:00 PM,33.94
912,24/02/2020,7:00:00 PM,33.93
913,24/02/2020,8:00:00 PM,33.91
914,24/02/2020,9:00:00 PM,33.89
915,24/02/2020,10:00:00 PM,33.88
916,24/02/2020,11:00:00 PM,33.88
917,25/02/2020,12:00:00 AM,33.86
918,25/02/2020,1:00:00 AM,33.86
919,25/02/2020,2:00:00 AM,33.85
920,25/02/2020,3:00:00 AM,33.84
921,25/02/2020,4:00:00 AM,33.83
922,25/02/2020,5:00:00 AM,33.82
923,25/02/2020,6:00:00 AM,33.81
924,25/02/2020,7:00:00 AM,33.80
925,25/02/2020,8:00:00 AM,33.78
926,25/02/2020,9:00:00 AM,33.77
927,25/02/2020,10:00:00 AM,33.76
928,25/02/2020,11:00:00 AM,33.75
929,25/02/2020,12:00:00 PM,33.72
930,25/02/2020,1:00:00 PM,33.71
931,25/02/2020,2:00:00 PM,33.68
932,25/02/2020,3:00:00 PM,33.66
933,25/02/2020,4:00:00 PM,33.64
934,25/02/2020,5:00:00 PM,33.62
935,25/02/2020,6:00:00 PM,33.60
936,25/02/2020,7:00:00 PM,33.58
937,25/02/2020,8:00:00 PM,33.57
938,25/02/2020,9:00:00 PM,33.57
939,25/02/2020,10:00:00 PM,33.56
940,25/02/2020,11:00:00 PM,33.57
941,26/02/2020,12:00:00 AM,33.57
942,26/02/2020,1:00:00 AM,33.58
943,26/02/2020,2:00:00 AM,33.61
944,26/02/2020,3:00:00 AM,33.63
945,26/02/2020,4:00:00 AM,33.65
946,26/02/2020,5:00:00 AM,33.67
947,26/02/2020,6:00:00 AM,33.70
948,26/02/2020,7:00:00 AM,33.72
949,26/02/2020,8:00:00 AM,33.74
950,26/02/2020,9:00:00 AM,33.76
951,26/02/2020,10:00:00 AM,33.78
952,26/02/2020,11:00:00 AM,33.79
953,26/02/2020,12:00:00 PM,33.79
954,26/02/2020,1:00:00 PM,33.80
955,26/02/2020,2:00:00 PM,33.80
956,26/02/2020,3:00:00 PM,33.80
957,26/02/2020,4:00:00 PM,33.79
958,26/02/2020,5:00:00 PM,33.80
959,26/02/2020,6:00:00 PM,33.79
960,26/02/2020,7:00:00 PM,33.80
961,26/02/2020,8:00:00 PM,33.80
962,26/02/2020,9:00:00 PM,33.80
963,26/02/2020,10:00:00 PM,33.81
964,26/02/2020,11:00:00 PM,33.82
965,27/02/2020,12:00:00 AM,33.85
966,27/02/2020,1:00:00 AM,33.87
967,27/02/2020,2:00:00 AM,33.89
968,27/02/2020,3:00:00 AM,33.92
969,27/02/2020,4:00:00 AM,33.95
970,27/02/2020,5:00:00 AM,33.97
971,27/02/2020,6:00:00 AM,34.00
972,27/02/2020,7:00:00 AM,34.03
973,27/02/2020,8:00:00 AM,34.05
974,27/02/2020,9:00:00 AM,34.07
975,27/02/2020,10:00:00 AM,34.08
976,27/02/2020,11:00:00 AM,34.09
977,27/02/2020,12:00:00 PM,34.10
978,27/02/2020,1:00:00 PM,34.09
979,27/02/2020,2:00:00 PM,34.09
980,27/02/2020,3:00:00 PM,34.09
981,27/02/2020,4:00:00 PM,34.08
982,27/02/2020,5:00:00 PM,34.08
983,27/02/2020,6:00:00 PM,34.06
984,27/02/2020,7:00:00 PM,34.05
985,27/02/2020,8:00:00 PM,34.05
986,27/02/2020,9:00:00 PM,34.04
987,27/02/2020,10:00:00 PM,34.04
988,27/02/2020,11:00:00 PM,34.04
989,28/02/2020,12:00:00 AM,34.05
990,28/02/2020,1:00:00 AM,34.05
991,28/02/2020,2:00:00 AM,34.06
992,28/02/2020,3:00:00 AM,34.06
993,28/02/2020,4:00:00 AM,34.07
994,28/02/2020,5:00:00 AM,34.08
995,28/02/2020,6:00:00 AM,34.08
996,28/02/2020,7:00:00 AM,34.08
997,28/02/2020,8:00:00 AM,34.07
998,28/02/2020,9:00:00 AM,34.06
999,28/02/2020,10:00:00 AM,34.05
1000,28/02/2020,11:00:00 AM,34.03
1001,28/02/2020,12:00:00 PM,34.01
1002,28/02/2020,1:00:00 PM,33.98
1003,28/02/2020,2:00:00 PM,33.95
1004,28/02/2020,3:00:00 PM,33.92
1005,28/02/2020,4:00:00 PM,33.89
1006,28/02/2020,5:00:00 PM,33.85
1007,28/02/2020,6:00:00 PM,33.81
1008,28/02/2020,7:00:00 PM,33.77
1009,28/02/2020,8:00:00 PM,33.75
1010,28/02/2020,9:00:00 PM,33.72
1011,28/02/2020,10:00:00 PM,33.68
1012,28/02/2020,11:00:00 PM,33.66
1013,29/02/2020,12:00:00 AM,33.63
1014,29/02/2020,1:00:00 AM,33.61
1015,29/02/2020,2:00:00 AM,33.59
1016,29/02/2020,3:00:00 AM,33.58
1017,29/02/2020,4:00:00 AM,33.57
1018,29/02/2020,5:00:00 AM,33.55
1019,29/02/2020,6:00:00 AM,33.54
1020,29/02/2020,7:00:00 AM,33.52
1021,29/02/2020,8:00:00 AM,33.52
1022,29/02/2020,9:00:00 AM,33.50
1023,29/02/2020,10:00:00 AM,33.49
1024,29/02/2020,11:00:00 AM,33.46
1025,29/02/2020,12:00:00 PM,33.45
1026,29/02/2020,1:00:00 PM,33.43
1027,29/02/2020,2:00:00 PM,33.41
1028,29/02/2020,3:00:00 PM,33.38
1029,29/02/2020,4:00:00 PM,33.36
1030,29/02/2020,5:00:00 PM,33.34
1031,29/02/2020,6:00:00 PM,33.32
1032,29/02/2020,7:00:00 PM,33.30
1033,29/02/2020,8:00:00 PM,33.32
1034,29/02/2020,9:00:00 PM,33.32
1035,29/02/2020,10:00:00 PM,33.32
1036,29/02/2020,11:00:00 PM,33.32
1037,01/03/2020,12:00:00 AM,33.33
1038,01/03/2020,1:00:00 AM,33.37
1039,01/03/2020,2:00:00 AM,33.45
1040,01/03/2020,3:00:00 AM,33.53
1041,01/03/2020,4:00:00 AM,33.59
1042,01/03/2020,5:00:00 AM,33.65
1043,01/03/2020,6:00:00 AM,33.70
1044,01/03/2020,7:00:00 AM,33.74
1045,01/03/2020,8:00:00 AM,33.77
1046,01/03/2020,9:00:00 AM,33.79
1047,01/03/2020,10:00:00 AM,33.83
1048,01/03/2020,11:00:00 AM,33.86
1049,01/03/2020,12:00:00 PM,33.97
1050,01/03/2020,1:00:00 PM,34.03
1051,01/03/2020,2:00:00 PM,34.03
1052,01/03/2020,3:00:00 PM,34.07
1053,01/03/2020,4:00:00 PM,34.14
1054,01/03/2020,5:00:00 PM,34.15
1055,01/03/2020,6:00:00 PM,34.13
1056,01/03/2020,7:00:00 PM,34.14
1057,01/03/2020,8:00:00 PM,34.20
1058,01/03/2020,9:00:00 PM,34.21
1059,01/03/2020,10:00:00 PM,34.25
1060,01/03/2020,11:00:00 PM,34.26
1061,02/03/2020,12:00:00 AM,34.27
1062,02/03/2020,1:00:00 AM,34.29
1063,02/03/2020,2:00:00 AM,34.32
1064,02/03/2020,3:00:00 AM,34.32
1065,02/03/2020,4:00:00 AM,34.33
1066,02/03/2020,5:00:00 AM,34.35
1067,02/03/2020,6:00:00 AM,34.36
1068,02/03/2020,7:00:00 AM,34.36
1069,02/03/2020,8:00:00 AM,34.36
1070,02/03/2020,9:00:00 AM,34.39
1071,02/03/2020,10:00:00 AM,34.39
1072,02/03/2020,11:00:00 AM,34.38
1073,02/03/2020,12:00:00 PM,34.38
1074,02/03/2020,1:00:00 PM,34.37
1075,02/03/2020,2:00:00 PM,34.34
1076,02/03/2020,3:00:00 PM,34.35
1077,02/03/2020,4:00:00 PM,34.33
1078,02/03/2020,5:00:00 PM,34.35
1079,02/03/2020,6:00:00 PM,34.34
1080,02/03/2020,7:00:00 PM,34.32
1081,02/03/2020,8:00:00 PM,34.27
1082,02/03/2020,9:00:00 PM,34.22
1083,02/03/2020,10:00:00 PM,34.24
1084,02/03/2020,11:00:00 PM,34.12
1085,03/03/2020,12:00:00 AM,34.02
1086,03/03/2020,1:00:00 AM,33.95
1087,03/03/2020,2:00:00 AM,33.91
1088,03/03/2020,3:00:00 AM,33.88
1089,03/03/2020,4:00:00 AM,33.87
1090,03/03/2020,5:00:00 AM,33.85
1091,03/03/2020,6:00:00 AM,33.85
1092,03/03/2020,7:00:00 AM,33.84
1093,03/03/2020,8:00:00 AM,33.84
1094,03/03/2020,9:00:00 AM,33.84
1095,03/03/2020,10:00:00 AM,33.85
1096,03/03/2020,11:00:00 AM,33.83
1097,03/03/2020,12:00:00 PM,33.83
1098,03/03/2020,1:00:00 PM,33.81
1099,03/03/2020,2:00:00 PM,33.81
1100,03/03/2020,3:00:00 PM,33.76
1101,03/03/2020,4:00:00 PM,33.74
1102,03/03/2020,5:00:00 PM,33.69
1103,03/03/2020,6:00:00 PM,33.65
1104,03/03/2020,7:00:00 PM,33.62
1105,03/03/2020,8:00:00 PM,33.59
1106,03/03/2020,9:00:00 PM,33.56
1107,03/03/2020,10:00:00 PM,33.54
1108,03/03/2020,11:00:00 PM,33.50
1109,04/03/2020,12:00:00 AM,33.46
1110,04/03/2020,1:00:00 AM,33.44
1111,04/03/2020,2:00:00 AM,33.43
1112,04/03/2020,3:00:00 AM,33.43
1113,04/03/2020,4:00:00 AM,33.43
1114,04/03/2020,5:00:00 AM,33.44
1115,04/03/2020,6:00:00 AM,33.44
1116,04/03/2020,7:00:00 AM,33.44
1117,04/03/2020,8:00:00 AM,33.44
1118,04/03/2020,9:00:00 AM,33.45
1119,04/03/2020,10:00:00 AM,33.45
1120,04/03/2020,11:00:00 AM,33.45
1121,04/03/2020,12:00:00 PM,33.44
1122,04/03/2020,1:00:00 PM,33.43
1123,04/03/2020,2:00:00 PM,33.42
1124,04/03/2020,3:00:00 PM,33.40
1125,04/03/2020,4:00:00 PM,33.36
1126,04/03/2020,5:00:00 PM,33.32
1127,04/03/2020,6:00:00 PM,33.28
1128,04/03/2020,7:00:00 PM,33.23
1129,04/03/2020,8:00:00 PM,33.17
1130,04/03/2020,9:00:00 PM,33.12
1131,04/03/2020,10:00:00 PM,33.07
1132,04/03/2020,11:00:00 PM,33.01
1133,05/03/2020,12:00:00 AM,32.95
1134,05/03/2020,1:00:00 AM,32.89
1135,05/03/2020,2:00:00 AM,32.83
1136,05/03/2020,3:00:00 AM,32.78
1137,05/03/2020,4:00:00 AM,32.73
1138,05/03/2020,5:00:00 AM,32.69
1139,05/03/2020,6:00:00 AM,32.65
1140,05/03/2020,7:00:00 AM,32.60
1141,05/03/2020,8:00:00 AM,32.56
1142,05/03/2020,9:00:00 AM,32.52
1143,05/03/2020,10:00:00 AM,32.49
1144,05/03/2020,11:00:00 AM,32.45
1145,05/03/2020,12:00:00 PM,32.41
1146,05/03/2020,1:00:00 PM,32.38
1147,05/03/2020,2:00:00 PM,32.34
1148,05/03/2020,3:00:00 PM,32.31
1149,05/03/2020,4:00:00 PM,32.29
1150,05/03/2020,5:00:00 PM,32.26
1151,05/03/2020,6:00:00 PM,32.23
1152,05/03/2020,7:00:00 PM,32.21
1153,05/03/2020,8:00:00 PM,32.19
,,,
,,,
,,,
,,,
,,,
,,,
,,,
,,,
,,,
,,,
,,,
,,,
,,,
,,,
,,,
,,,
,,,
,,,
,,,
,,,
,,,
,,,
,,,
,,,
,,,
,,,
,,,
,,,
,,,
,,,
,,,
,,,
,,,
,,,
,,,
,,,
,,,
,,,
,,,
,,,
,,,
,,,
